neut	0	1	1	0	2	0.5
h1      1       1       0       0       2       0.5
prot	1	1	0   	0	2	0.5
he3	2	3	1	7.718	2	0
he4	2	4	2   	28.296	1	0  
c12	6	12	6   	92.162	1	0  
n14     7       14      7       104.659 1       0
o16	8	16	8   	127.619	1	0  
ne20	10	20	10  	160.645	1	0  
ne21	10	21	11  	167.406	4	0  
ne22	10	22	12  	177.77	1	0  
na23	11	23	12  	186.564	4	0  
mg23	12	23	11  	181.726	4	0  
mg24	12	24	12  	198.257	1	0  
mg25	12	25	13  	205.588	6	0  
mg26	12	26	14  	216.681	1	0  
al25	13	25	12      200.529	6	0  
al26	13	26	13      211.894	11	0  
al27	13	27	14      224.952	6	0  
si26	14	26	12      206.046	1	0  
si27	14	27	13      219.357	6	0  
si28	14	28	14	236.537 1	0  
si29	14	29	15      245.01	2	0  
si30	14	30	16      255.62	1	0  
p31	15	31	16      262.917	2	0  
s31	16	31	15      256.738	2	0  
s32	16	32	16      271.78	1	0  
s33	16	33	17      280.422	4	0  
s34	16	34	18      291.839	1	0  
s35	16	35	19      298.825	4	0  
s36	16	36	20      308.714	1	0  
cl35	17	35	18      298.21	4	0  
cl36	17	36	19      306.789	5	0  
cl37	17	37	20      317.1	4	0  
ar35	18	35	17      291.461	4	0  
ar36	18	36	18      306.717	1	0  
ar37	18	37	19      315.504	4	0  
ar38	18	38	20      327.342	1	0  
ar39	18	39	21      333.941	8	0  
ar40	18	40	22      343.81	1	0  
k39	19	39	20      333.724	4	0  
k40	19	40	21      341.523	9	0  
k41	19	41	22      351.619	4	0  
k42	19	42	23      359.152	5	0  
k43	19	43	24      368.795	4	0  
ca39	20	39	19      326.409	4	0  
ca40	20	40	20      342.052	1	0  
ca41	20	41	21      350.415	8	0  
ca42	20	42	22      361.895	1	0  
ca43	20	43	23      369.828	8	0  
ca44	20	44	24      380.959	1	0  
ca45	20	45	25      388.374	8	0  
ca46	20	46	26      398.769	1	0  
ca47	20	47	27      406.045	8	0  
ca48	20	48	28      415.99	1	0  
sc43	21	43	22      366.825	8	0  
sc44	21	44	23      376.525	5	0  
sc45	21	45	24      387.848	8	0  
sc46	21	46	25      396.608	9	0  
sc47	21	47	26      407.255	8	0  
ti43	22	43	21      359.176	8	0  
ti44	22	44	22      375.475	1	0  
ti45	22	45	23      385.003	8	0  
ti46	22	46	24      398.192	1	0  
ti47	22	47	25      407.073	6	0  
ti48	22	48	26  	418.699	1	0  
ti49	22	49	27      426.842	8	0  
ti50	22	50	28      437.781	1	0  
ti51	22	51	29	444.153	4	0
ti52	22	52	30	451.962	1	0
ti53	22	53	31	457.397	4	0
ti54	22	54	32	464.234	1	0
ti55	22	55	33	468.381	2	0
ti56	22	56	34	473.719	1	0
ti57	22	57	35	476.397	4	0
ti58	22	58	36	481.69	1	0
v47	23	47	24      403.36	4	0  
v48	23	48	25      413.905	9	0  
v49	23	49	26      425.457	8	0  
v50	23	50	27      434.793	13	0  
v51	23	51	28      445.845	8	0  
v52	23	52	29	453.156	7	0
v53	23	53	30	461.635	8	0
v54	23	54	31	467.748	7	0
v55	23	55	32	475.08	8	0
v56	23	56	33	480.08	5	0
v57	23	57	34	486.26	4	0
v58	23	58	35	490.351	5	0
cr47	24	47	23      395.134	4	0  
cr48	24	48	24      411.466	1	0  
cr49	24	49	25      422.049	6	0  
cr50	24	50	26      435.049	1	0  
cr51	24	51	27      444.31	8	0  
cr52	24	52	28      456.349	1	0  
cr53	24	53	29      464.288	4	0  
cr54	24	54	30      474.007	1	0  
cr55	24	55	31	480.254	4	0
cr56	24	56	32	488.499 1	0
cr57	24	57	33	493.813 4	0
cr58	24	58	34	501.195 1	0
cr59	24	59	35	505.323 4	0
cr60	24	60	36	512.007 1	0
mn51	25	51	26      440.32	6	0  
mn52	25	52	27      450.855	13	0  
mn53	25	53	28      462.909	8	0  
mn54	25	54	29      471.848	7	0  
mn55	25	55	30      482.074	6	0  
mn56	25	56	31	489.345	7	0
mn57	25	57	32	497.993	6	0
mn58	25	58	33	504.485	7	0
mn59	25	59	34	512.129	4	0
mn60	25	60	35	517.898	7	0
mn61	25	61	36	524.347	6	0
fe51	26	51	25      431.518	6	0  
fe52	26	52	26      447.699	1	0  
fe53	26	53	27      458.384	8	0  
fe54	26	54	28      471.763	1	0  
fe55	26	55	29      481.061	4	0  
fe56	26	56	30      492.258	1	0  
fe57	26	57	31      499.904	2	0  
fe58	26	58	32      509.949	1	0  
fe59	26	59	33	516.53	4	0
fe60	26	60	34	525.35	1	0
fe61	26	61	35	530.931	4	0
co55	27	55	28      476.827	8	0  
co56	27	56	29      486.91	9	0  
co57	27	57	30      498.286	8	0  
co58	27	58	31      506.859	5	0  
co59	27	59	32      517.313	8	0	
co60	27	60	33	524.805	11	0
co61	27	61	34	534.125	8	0
co62	27	62	35	540.73	5	0
co63	27	63	36	549.21	8	0
co64	27	64	37	555.234	3	0
co65	27	65	38	562.682	8	0
ni55	28	55	27      467.352	8	0  
ni56	28	56	28      483.992	1	0 
ni57	28	57	29      494.241	4	0  
ni58	28	58	30      506.458	1	0  
ni59	28	59	31      515.458	4	0  
ni60	28	60	32      526.845	1	0  
ni61	28	61	33      534.666	4	0  
ni62	28	62	34      545.262	1	0  
ni63	28	63	35      552.1	2	0  
ni64	28	64	36      561.758	1	0  
ni65	28	65	37	567.856	6	0
cu59	29	59	30      509.877	4	0  
cu60	29	60	31      519.935	5	0  
cu61	29	61	32      531.646	4	0  
cu62	29	62	33      540.531	3	0  
cu63	29	63	34      551.384	4	0	
cu64	29	64	35      559.3	3	0   
cu65	29	65	36      569.211	4	0	
zn59	30	59	29      499.998	4	0 
zn60	30	60	30      514.996	1	0 
zn61	30	61	31      525.225	4	0 
zn62	30	62	32      538.123	1	0 
zn63	30	63	33      547.236	4	0 
zn64	30	64	34      559.097	1	0 
zn65	30	65	35      567.077	6	0 
zn66	30	66	36      578.136	1	0 
zn67	30	67	37      585.188	6	0 
zn68	30	68	38      595.386	1	0 
zn69	30	69	39      601.868	2	0 
zn70	30	70	40      611.086	1	0	
ga63	31	63	32      540.787	4	0  
ga64	31	64	33      551.146	1	0  
ga65	31	65	34      563.04	4	0	
ga66	31	66	35      572.179	1	0   
ga67	31	67	36      583.405	4	0	
ga68	31	68	37      591.683	3	0  
ga69	31	69	38      601.996	4	0	
ga70	31	70	39      609.65	3	0   
ga71	31	71	40      618.951	4	0
ge63	32	63	31      530.397	2	0
ge64	32	64	32      545.879	1	0
ge65	32	65	33      556.015	4	0
ge66	32	66	34      569.296	1	0
ge67	32	67	35      578.401	2	0
ge68	32	68	36      590.794	1	0
ge69	32	69	37      598.986	6	0
ge70	32	70	38      610.52	1	0
ge71	32	71	39      617.936	2	0
ge72	32	72	40      628.686	1	0
ge73	32	73	41      635.469	10	0
ge74	32	74	42      645.665	1	0
ge75	32	75	43      652.17	2	0
ge76	32	76	44      661.598	1	0
as67	33	67	34      571.609	6	0
as68	33	68	35      581.931	7	0
as69	33	69	36      594.19	6	0
as70	33	70	37      603.518	1	0
as71	33	71	38      615.14	6	0
as72	33	72	39      623.547	5	0
as73	33	73	40      634.345	4	0
as74	33	74	41      642.32	5	0
as75	33	75	42      652.564	4	0
se67	34	67	33      560.656	4	0
se68	34	68	34      576.465	1	0
se69	34	69	35      586.623	4	0
se70	34	70	36      600.439	1	0
se71	34	71	37      609.58	4	0
se72	34	72	38      622.429	1	0
se73	34	73	39      630.824	10	0
se74	34	74	40      642.89	1	0
se75	34	75	41      650.918	6	0
se76	34	76	42      662.072	1	0
se77	34	77	43      669.491	2	0
se78	34	78	44      679.989	1	0
se79	34	79	45      686.952	8	0
se80	34	80	46      696.866	1	0
se81	34	81	47      703.566	2	0
se82	34	82	48      712.842	1	0
br71	35	71	36      602.745	6	0
br72	35	72	37      612.768	7	0
br73	35	73	38      625.453	2	0
br74	35	74	39      635.201	1	0
br75	35	75	40	647.106	4	0
br76	35	76	41      656.327	3	0
br77	35	77	42      667.344	4	0
br78	35	78	43      675.633	3	0
br79	35	79	44      686.32	4	0
br80	35	80	45      694.213	3	0
br81	35	81	46      704.369	4	0
kr71	36	71	35      591.822	10	0
kr72	36	72	36      606.911	1	0
kr73	36	73	37      617.593	6	0
kr74	36	74	38      631.445	1	0
kr75	36	75	39      641.508	6	0
kr76	36	76	40      654.27	1	0
kr77	36	77	41      663.496	6	0
kr78	36	78	42      675.578	1	0
kr79	36	79	43      683.912	2	0
kr80	36	80	44      695.433	1	0
kr81	36	81	45      703.306	8	0
kr82	36	82	46      714.273	1	0
kr83	36	83	47      721.737	10	0
kr84	36	84	48      732.257	1	0
kr85	36	85	49      739.378	10	0
kr86	36	86	50      749.234	1	0

 

 
